= 22 = 
Correct ECP22:4   24  -23 -194  134  284    6 -204 -133  -33  -34   -3   54   76   87   67   55   39   25    0    0
ECP coeffs:   4   24  -23 -194  134  284    6 -204 -133  -33  -34   -3   54   76   87   67   55   39   25    0    0
ECP coeffs:   4   24  -23 -194  134  284    6 -204 -133  -33  -34   -3   54   76   87   67   55   39   25    0    0
ECP coeffs:   4   24  -23 -194  134  284    6 -204 -133  -33  -34   -3   54   76   87   67   55   39   25    0    0



Correct ECP23:-2  -21   25  322 -525 -367  496  615  -89 -394 -165  -98  -45   21   61   93  112   81   63   43   27    0    0
ECP coeffs:   -2   -42   -53   563  -298 -1075   476  1157  -138  -507  -204   -49  -111    47    70    93   112    81    63    43    27     0     0


ECP coeffs:   -2   -42   -53   563  -298 -1075   476  1157  -138  -507  -204   -49  -111    47    70    93   112    81    63    43    27     0     0


                            case 24, disp('Correct ECP24:-4  -24   76  242 -554 -294  546  592 -123 -405 -188  -98  -30   26   66  104  119   86   66   45   28    0    0');
    case 26, disp('Correct ECP26:-4   -1   16   59   82 -461 -158  589  500 -191 -461 -170  -67  -26   40   85  120  131   94   70   48   30    0    0');

no-edges:  0
multicomp: 2
numel2:    64
numel3:    173
numel4:    1103
full5+:    2
chain5+:   0
cycle5+:   414
maxdeg:    122
tree5+:    0
nhodes:    1515
reliable:  0
branch:    321
----------------
TOTAL:     4206





= 26 =
%ECP coeffs:   -4  -16   -8   83  308 -472 -760  733  977 -293 -558 -207  -26  -86   67   94  120  131   94   70   48   30    0    0
%ECP coeffs:   -4  -16   -8   83  308 -472 -760  733  977 -293 -558 -207  -26  -86   67   94  120  131   94   70   48   30    0    0
ECP coeffs:   -4   -1   16   59   82 -461 -158  589  500 -191 -461 -170  -67  -26   40   85  120  131   94   70   48   30    0    0


= 31 =
ECP coeffs:   -4   -5   24   17  -62  -44  102  342 -478 -721  777  949 -385 -598 -209  -27  -61  119  141  154  154  110   80   55   35    0    0
ECP coeffs:   -4   -5   24   17  -62  -44  102  342 -478 -721  777  949 -385 -598 -209  -27  -61  119  141  154  154  110   80   55   35    0    0

no-edges:  0
multicomp: 4
numel2:    62
numel3:    174
numel4:    1097
full5+:    2
chain5+:   0
cycle5+:   414
maxdeg:    126
tree5+:    0
nhodes:    1506
reliable:  0
branch:    320
----------------
TOTAL:     4191


= 36 =
ECP coeffs:   4  -15  -45  108  132 -246 -217  165  631 -443 -840  741  915 -479 -645 -175   42   -4  164  170  175  170  121   95   65   41    0    0
ECP coeffs:   4  -15  -45  108  132 -246 -217  165  631 -443 -840  741  915 -479 -645 -175   42   -4  164  170  175  170  121   95   65   41    0    0
ECP coeffs:   4  -15  -45  108  132 -246 -217  165  631 -443 -840  741  915 -479 -645 -175   42   -4  164  170  175  170  121   95   65   41    0    0


no-edges:  0
multicomp: 10
numel2:    320
numel3:    865
numel4:    5515
full5+:    10
chain5+:   0
cycle5+:   2070
maxdeg:    610
tree5+:    0
nhodes:    7576
reliable:  0
branch:    1605
----------------
TOTAL:     21032



= 37 =
%ECP coeffs:   2  -15   -2  131 -135 -191  246  208 -122 -748  571  386  283 -744 -628  817  737 -493 -599 -181   77   17  182  183  162  174  134  102   69   43    0    0
%ECP coeffs:   2  -15   -2  131 -135 -191  246  208 -122 -748  571  386  283 -744 -628  817  737 -493 -599 -181   77   17  182  183  162  174  134  102   69   43    0    0
ECP coeffs:   2   -7   -6   85 -211  114  202   79 -494 -181  334  342  121 -563  -60  494  304 -393 -496 -118   34   72  154  174  162  174  134  102   69   43    0    0
ECP coeffs:   2   -7   -6   85 -211  114  202   79 -494 -181  334  342  121 -563  -60  494  304 -393 -496 -118   34   72  154  174  162  174  134  102   69   43    0    0
ECP coeffs:   2   -7   -6   85 -211  114  202   79 -494 -181  334  342  121 -563  -60  494  304 -393 -496 -118   34   72  154  174  162  174  134  102   69   43    0    0


no-edges:  0
multicomp: 748
numel2:    951
numel3:    6514
numel4:    26961
full5+:    444
chain5+:   0
cycle5+:   5424
maxdeg:    1681
tree5+:    0
nhodes:    33252
reliable:  0
branch:    9654
----------------
TOTAL:     97852


= 40 =
%ECP coeffs:   -2    23   -20  -162   336  -174   -61   145    83    12  -656   293  -584  1166   155   385  -904  -880   730   713  -464  -524  -159   132   102   166   159   180   194   156   116    77    47     0     0
%ECP coeffs:   -2    23   -20  -162   336  -174   -61   145    83    12  -656   293  -584  1166   155   385  -904  -880   730   713  -464  -524  -159   132   102   166   159   180   194   156   116    77    47     0     0
%ECP coeffs:   -2    23   -20  -162   336  -174   -61   145    83    12  -656   293  -584  1166   155   385  -904  -880   730   713  -464  -524  -159   132   102   166   159   180   194   156   116    77    47     0     0
ECP coeffs:   -2   11  -14  -90  452 -661  -65  440  897 -851 -849  225  411  248  -44  533 -492 -326  262  266 -382 -426  -62   84  157  138  150  180  194  156  116   77   47    0    0
ECP coeffs:   -2   11  -14  -90  452 -661  -65  440  897 -851 -849  225  411  248  -44  533 -492 -326  262  266 -382 -426  -62   84  157  138  150  180  194  156  116   77   47    0    0
ECP coeffs:   -2   11  -14  -90  452 -661  -65  440  897 -851 -849  225  411  248  -44  533 -492 -326  262  266 -382 -426  -62   84  157  138  150  180  194  156  116   77   47    0    0


no-edges:  0
multicomp: 4050
numel2:    2949
numel3:    31519
numel4:    116776
full5+:    5589
chain5+:   0
cycle5+:   16656
maxdeg:    6387
tree5+:    0
nhodes:    144429
reliable:  0
branch:    45788
----------------
TOTAL:     424131



=51=

ECP coeffs:   2   -1  -17  -10   13  438 -784 -144  514  969 -785 -818  172  382  265  -66  411 -555 -287  302  264 -321 -352   21  150  209  176  189  210  219  178  133   90   58    0    0


no-edges:  0
multicomp: 17916
numel2:    21286
numel3:    348146
numel4:    679344
full5+:    35334
chain5+:   0
cycle5+:   64896
maxdeg:    41742
tree5+:    0
nhodes:    999514
chainred:  344294
reliable:  0
branch:    294346
----------------
TOTAL:     2846818


=56=

ECP coeffs:   2    -5   -21    81   -71  -147   646  -387 -1261   328  2428   351 -2206 -1474  1020   430    -1   341   879  -286  -415   150  -131  -102  -141   251  -812  -323   219   256  -161  -220   209   240   269   255   273   281   269   208   151   102    65     0     0

no-edges:  0
multicomp: 117364
numel2:    119634
numel3:    1504159
numel4:    4349604
full5+:    224461
chain5+:   11520
cycle5+:   574672
maxdeg:    375164
tree5+:    0
nhodes:    5676008
chainred:  2016217
reliable:  0
branch:    1776673
----------------
TOTAL:     16745476


no-edges:  0
multicomp: 75186
numel2:    118998
numel3:    770828
numel4:    1381709
maxdeg:    590319
full5+:    217862
chain5+:   12134
cycle5+:   3314165
tree5+:    7954
nhodes:    5008369
chainred:  1704150
reliable:  0
branch:    1531118
----------------
TOTAL:     11418627


=57=

%ECP coeffs:   1       6      -9    -104    -469    3112   -9484   45853 -123343   79444  153809 -143354 -145458   36604  191689   40851 -114941  -75156    5651   60757   19477   -9179  -26415   -9337   10514   13195    5874   -2337     611   -2580   -3608    -867   -2883   -1462     349     571     531      61     525     511     537     435     389     349     307     230     163     108      68       0       0
ECP coeffs:   1       6      -9     -89    -513    3315  -10502   46860 -119525   72704  147934 -127532 -141726   17364  189531   58018 -114900  -86843    9414   64654   15755   -9361  -24653   -9411    9900   13387    5685   -2191     578   -2606   -3529    -915   -2875   -1468     355     572     525      63     527     510     537     435     389     349     307     230     163     108      68       0       0

no-edges:  0
multicomp: 2268706
numel2:    2417578
numel3:    21204254
numel4:    39031038
maxdeg:    24881399
full5+:    0
chain5+:   374696
cycle5+:   77101526
tree5+:    0
nhodes:    120315650
chainred:  45029205
reliable:  0
branch:    36564781
----------------
TOTAL:     292087307

Elapsed time is 87005.284664 seconds


no-edges:  0
multicomp: 1742180
numel2:    1982615
numel3:    18341870
numel4:    34115055
maxdeg:    20089662
full5+:    6371433
chain5+:   362209
cycle5+:   69419031
tree5+:    468916
nhodes:    110135354
chainred:  40485170
reliable:  0
branch:    33666329
----------------
TOTAL:     267760793

Elapsed time is 92305.234236 seconds [S]

